42 471 553 644 790 838
325 397 510 629 656 716 772
56 521
321 350 459 524 543 578 592 599 622
7 543 981
39 46 432 547 553 794 819
29 38 152 336 412 429 766
108 306 388 870 894 902 962 964 994
80 107 129 163 304 437 629 705 815
405 420 443 561 566 813
188 214 418
51 86 374 571 684 970
146 325 395 444 628
840
60 85 371 387 456
764 868
60 360 557 592
8 50 117 753 877 954
519 624
432 870
221 723 959
99 102 139 194 266 462
7 35 127 172 221 607
106 351 432 599
124 740 988 989 990
155 374 806 848
167 497 733
39 106 123 169 214 287 593 601 729 778 847 911
107 135 589 673 820
25 179 601 934
374 414 571
116 123 773
3 105 806
201 682 803 916
404 668
36 416 559 719
47 148 238 278 368 446 544 584
12 47 471 855 970
772 961
737
447 456 692 934
21 83 255 803 981
150 371 425 477 773 966 994
7 245 644 733 946
744
11 29 119 412 490 571 813 874 909
15 283 472 682
166 274 473 707 835
182 281 442 506 682 820 845
441 456 487 756 801 832
144 280 335 582 834 923
17 335 543 625 778 874
221 416 575 595
38 310 348 439 583 629 789
500 613 624 859
42 240 532 648
40 95 561 647 827
344 537 540
38 416 559 656 858 931
52 173 182 288 425 620
9 148 241 615 835 950
51 67 69 300 348 874 988
403 438 605
36 277 562
185 429 601
18 219 255 501 575 709 721 806
9 100 103 242 439 829 877
38 295 325
319 628
50 281 876
127 241 277 952
456 558 786 826
220 575
444 613 830 884 990
179 519 607 925
274 592 709 807 895
118 241 259 662 946 962
61 117 173 439 520 737
592
194 414 766
93 472 955
147 155 647 815 835
146 246 306 732
188 274 353 397
217 297 344 519 826 988
123 646 656 868
214 300 369 722 735 776
335 531 561 599 629 907 994
69 188 447 456 692 722 825 893 934 994
124 255 530 558 719 837 855 931 981
204 432 740
209 234 320 321 463 711
523 631 676
36 325 778
829 832 921
14 395 666 828 867 985
328 348 517 705 920
648
179 246 322 339
486 559 850
176 179 360 399 425 682 777
60 85 238 357 358 371 387 456 896
318 325 371 444 494 666 904 931 952
69 829
154 226 416 494 772 884 961
360 545 653
124 291 306 628 734 938
47 476 544 673 807
178 514 623 643
118 527 837 859 961
213 410 738
21 62 67 87 229 371 592 767 815 827
124 221 484 612
332 707 855
17 119 208 764 782
300 337 429 579
68 151 383 559 624 682 852 874 993
524 634 924
137 307 492 572 707 934 949
8 74 235 368 416 628 798 970
570 710 947
146 316 486 507
28 107 209 578 806 987
247 402 623 744 959
20 27 813 868 912 981
78 157 511 737
111 481 778 938
56 81 289 357 433 729 806 951
18 118 482 490 553
117 423 491 648 674 799 820 925 988
36 48 94 471 670
119 238 282 368 673 830
369 398 707 888 932
364 486 863
7 51 733 745 753 782
124 154 415 416 690 858
238 339 347 796
116
909 970
117 132 205 490 827 868 988
214 222 350 766 992
414 808 827 959
48 62 73 123 154 221 281 388 459 613 778 996
125 150 214 791 803
133 403
87 124 293 316 392
569 883 910
132 227 336 557 673 959
145 146 316 486 507 838
80 112 258 432
110 395 782 825
6 147 339 399 443 604
486 579
142 229 601
410 609 709 973
43
73 132 191 246 545
136 339
190 228 258 364 941
259 806
316 540 871 892 992
491 925 934 964 996
277 477
360 524 753 952 998
432 558 820 938 962 999
111 117 199
17 154 372 953
203 328 444 578 813 909
15 38 319 416 676 734 981
127 733 772 784 790 912
214 395 404 460 949
163 321 676 678 740
217 222 325 825
704 744 983
43 70 173 192 544 946
160 281 387 445 606 631 790 909 946 959
62 190 443 494 673 863
387 425 976
338 607 631 703
60 119 132 521 647 772
409 501 662 707 815 820
170 201 300 316 326 357 837 954
116 368 528 538 727
98 217 521 554 990 993
342 373 437 707
124 592 601 607 614 642
26 547
34 87 586 599 620
29 127 219 322 391 442 444 527
221 283 707 828 891 903 912 915 966
248 261 395 714
33 229 289 398 539
493 767 874 963
197
63 123 527 592 873
80 181 201 209 330 397 946 996
147 306 439 442
21 63 173 501 575 578 809
53 93 338 459
60 124 240 280 410 416 910
124 144 155 293 510 860 904
120 353 459 611 613
39 169 214 287 593 778
69 314 409 589 682 709 744 858
49 649 879 890 902 915 988
119 790 813 830
33 246 306 480 500 559 585 992
5 36 94 253
461 881 950
38 132 258 375 693 737 806 807
322 472 542 800 907
112 440 540 668 863
36 214 644 686 740
524
38 150 222 289 828 886
61 220 221 377 565 673 687 747
835 868
321 360 821 999
14 36 233 302 377 399 444 634 757 924
127 238 402 405 514 832 988
43 198 291 319 416 500 699 710 911 939 973
441 709 799
60 124 240 416 743
209 297 456 652 687 876 929
372 955
66 123 300 753 767
63 100 170 178 247 527 589 649 946
109 112 118 586 709 710
73 381 707 901
318 619 643 662
51 144 859 941
11 250 373 821 901 960 973
599 747
610 674 850
132 216 379 518 540 554
612 829
442 480 614 757 889 988
63 126 361 437 527 829 903
119 354 428 480 764 782
154 247 306 326 360 395 404 827 990
274 378 511 561 861 962
153 168 300 592 898
416 620 874
132 243 446 501 673 813 877 996
3 39 86 117 124 214 423 552 806
371 480 806
23 155 299
235
60 405 621 770 780 959
988 993
221 242 412 497 502 578 627 709 764 950
11 52 924
17 193 399 616
589 595 964
148 446 545 723 733 786 993
217 300 720 808 917
142 388 412 598 803 946
89 231 405 690
124 131 425 676 992
117 340 471 545 684
14 51 209 222 838 868
284 553 983
168 231 737 756
67 69 140
33 59 68 73 157 182 619 656 697
71 238 403 607 638 747
45 423 463 666 868 914
84 98 274 331
325 486 579 865
33 570 616 658 852 909
63 83 646 820
43 176 634 669 707 863
51 412 446 490 670 902
155 201 238 293 501 541
18 437 442 688 867 907 981
222 761 815 874
119 246 335 495 545 926
167 477 733 902
259 372 544 595 643 837 891 955
45 145 437 518 631 838
69 201 266 495 737 874
326 403 673 756 852 867
15 172 182 978
118 198 518 969
11 170 430 444 740 909 950
68 209 233 344 436 455 486 495 607 992
155 169 463 530 903
39 78 339 640 735 764 778
27 314 330 886
29 146 193 930
281 575 874 995
48 138 335 524
71 87 159 217 430 559 915
100 221 319 385 500 532 645
39 558 656
23 311 832 839
28 47 397 831 871
168 238 282 368 380 673 988
36 137 603 820
93 175 182 281
200 328 388
11 21 101 416 753
108 119 584 722 894 914
247 274 414 566
612 729 738
63 87 189 272 289 531
233 293 472 539
15 511 723 942 946
124 416 444 522 571 764 807 959 973
63 209 571 676
53 409 973
47 66 109 399 604 656 729 849 859 988
81 224 529 709 908
430 487 607 682 729 820 839
38 692 763
140 159 179 198 283 289 521 571 652
123 131 337 442 707 830 993
42 684 850
55 255 291 480 490 659 818 921
87 132 168 222 300 517 761 883 889 988
140 260 657 709
47 240 487 778 791
205 228 247 430 571 629 839 868 871 934
60 193 424
124 131 425 676 992
184 332 707 751 855
315 442 710
153 204 339 418 463 734 800 870
86 705 795
17 158 459 684 973
137 444 628 740
150 436 854
87 291 620 628 688 747 803
85 167 282 477 800 970
42 155 191 318 776
447 456 692 934 994
124 167 430 595 601 733
226 425 432 747 817 832 927
235 439 442 559
74 499 613 687 908 962
28 38 387 549 744
146 335 413 429 461 723 874 992
29 52 95 335 495 697 800
61 192 222 233 273 423 428 722 807
674 974
179 221 571 686 715 767 876 919
25 193 666 699 721 813 953
47 48 432 561
148 542 553 832
26 56 108 277 293 314 346 521 729 849 904
47 191 217 334 335 543 561 930
291 414 709
124 291 306 480 539 628 734 910 938
132 146 414 442 493
259 335 612 624 750 780
36 209 234 320 321 420 463 711 712
116 139 220 682
147 586 778 855 885 938
306 613 644 665
81 188 321 356 662 855 901
119 179 317 353 471 631 950
518 544 646 734
195 538 656 914
145 351 963
151 353 570 852 859 861
493 732
57 78 124 209 238 521 604 825
521 594
11 250 291 373 901 960
209 463 614 668 988
182
132 486 492 704
173 360
238 277 285 322 467 559 601 772 836
40 259 521 789 893 961
59 357 673
959
43 219 318 582
575 628 710 733
41 154 233 258 539 575 612 631 905
40 146 773
234 316 517 808 811 826
138 213 360 536 578
9 410 628 874 959
137 360 374 399 570 593 801 861
397 540 628 871
63 89 859
674 931
39 55 402 784 800 838 987
63 97 111 118 335 360 425
33 299 357 414 553 810 930 994
47 123 335 447 559 579 743 821 879
140 750 907 917
93 124 571 764
132 482 546 595 707
43 62 258 668 674 914
552 808
178 213 493 599 807
39 51 398 416 432 795
149 198 291 575 826 896 941
71 95 384 477 480 733 996
318 587 727 740 815
17 679 729
212 375 764
233 648 812 974
14 416 441 471 540
287 290 344 425
246 405 738
662 840
55 237 371 625 732
43 188 216 387 634
69 300 753 800 999
176 946
119 931
7 534 543 981 988
36 150 214
159 863 930
166 417 672 831 860
15 319 397 511 553 723 942 946
378 456
8 127 524 542 970
5 125 137 230 545 887 963
185 293 389 471 998
87 127 377 403 518 520 604
53 409 973
120 353 459 611 613 656 874 914
218 432 443 756 764
146 335 592 707 820 992
6 40 77 222 238 385 399 915
222 459 675 783 800
11 266 364 673 904
69 437 578
89 338 879
39 558 656
212 453 467 495 538 631 652
577 589 715 861 962 965
69 436 532 737 782
815
222 442 595 863
111 259 752 786 925
283 356 374 405 764
332 409 413 879 902
127 289 625 758 916
281 467 553 808
178 472 901
148 201
81 432 485 591 628 808 849 909 966
477
5 49 132 298 649 663 851 879 890 902 915 988
246 285 305 368 395 707 723 727 811 827
422 542 722 842
218 375 764
155 456 628 820
16 329 336 530 864 883 892 955 992
11 21 101 135 377 416 482 497 592 682 739 753
29 545 571 614 628 700
47 148 238 278 368 446 544 584
11 744
168 380 571 988
127 166 516
274 520 656 814
38 310 348 439 583 629 789
221 344 459 623 877 985
154 247 306 326 827
493 592 826
23 48 330 580
150 988 989
456 558 614 666 852 961 993
56 293 521 709 729 998
930
477 604 808 909
3 86 423 806
57 201 832
221 322 339 553 732 994
291 300 430 764 902
38 97 198 439 592 697 719
662 996
127 444 759 832 946
62 764 904 963 995
14 330 555 891
78 127 233 255 425 437 498 778 815
367 699 820 827 930
430 442 826 858
45 437 518 631 838
377 405 416 514 740 992
14 302 377 444 634 757 924
531 546
17 133 970
553 733 886 972
39 72 160 874 879
154 472 868 903
11 52 924 961 993
12 291 318 402 561 743 800
39 99 102 139 194 266 462 545
3 50 209 765
147 238 336 799
289 377 477 553 809 912
86
182 281 289 318 399 437 729 925
39 51 398 416 795
336 595 976
277 399 444 553
14 51 85 209 222 612 838 868
60 375 445
221 259 402 485 704 879
456 509 527
87 123 127 260 988
371 679 994
444 863 961
437 521 541 780 833
111 481 778 938
221 374 414 526 545 571 942
106 119 281 387 471 531 876 881 962
150 289
303 399 453 640 732 903 927
187 642 657 752
50 571 656 828 830
104 319 781 956
33 132 233 474 733 963
52 221 799 960 962
71 107 348 380 415 629 705 724 998
209 259 297 687 876 929
584 665 868
490 553 559 662 664
93 699
17 176 238 280 737 855 874
43 130 592 688 813
707
7 990
290 398 671 682
376 472 542 800
127 240 966
320 324 509 524 902
80 201 209 330 397 946 996
69 116 145 148 217 481 647 657 772 785 873 903
437 764
47 221 414
338 346 371 539
465 624 840
575 674 955
107 707 837 852
139 299 429 446
277 291 331 720 991
442 541 713 903
300 409 834 871 973
578 625
26 121 601 621
306 368 399 459
231 338 613
403 516 677 721 854 894
146 336
333 338 893
521 592
572 679 783 806 835 941
39 219 327 466 527 531 814
203 234
221 350 377 583 628 946
221 490
216 623 629
169 409 487 507 954
13 59 132 212 461 660 827 890
8 293 589
106 159 350 527 828 878 998
87 159 217 430 559 915
229 514 908
274 300 482 501 592 709 807 895
76 81 377 837 902 921
3 21 169 329 903
464 539 656 731 764
180 344 553 829
69 374 439 668 707 837 902
38 39 67 767 970
246 316 631 707 812
127 347 586 914
109 628 868
168 188 197 274 353 397 404 420 589 805
281 994
283 339 377 990
117 133 260 378 577 619 620 628 764 802
52 160 221 656 666 799 960 962
283 412 425 451 811 827 917
94 521 773 949 996
38 190 405 650 831
80 238 346 472 497 732 737 833 885
7 26 118 148 549 874 903
23 484 709 874 904 905 908 934
69 261 444 447 664 722 832
274 603 722 800
9 325 374 631 737 849
166 281 289 303 809
599
72 209 247
166 168 209 481 669 806 871
238 263 592 629 679 710 781 798 860 941
658 773 807
5 299 307 472 530 716 722 827 959
159 538 709 781 908
123 212 218 248 375 578 592 764
592 741 961
174 601 832 879 901 925
707 814 877
29 274 709
417 737
414 509 798 853 870 994
36 459 863
283 371 500 799 868
3 248 477 624 673 773 794
138 147 238 336 337 629 799
155 242
27 91 127 150 424 584 770
33 34 69 117 538 656 945
135 805 871
195 209 432 553 901
93 300 316 837
342 373 437 472 707 808 832
87 507 837 961
238 334 366 415
553 634 682 988
465 540 773 827
195 209 432 553 901
7 55 368 437 756 837
189 377 471 666 790 875
707 992
69 193 414 874 912
167 589 603 623 673 820
186 542 891 950
208 412 419 511
321 338
40 413 471 545 547 961
574 673
22 62 567
666 961
35 205 291 368 886
145 185 416 509 986
87 395 443 444 587 807 873
83 221 707
248 595 707
101 625 809
387 704 806
107 124 163 241 447 472 488 716 881 952
502
169 463 530 903
334 752 756 902 993
132 988
400 667 737
48 520 558 752 959
124 644 738 891
314 521 874
306 319 486 790 877
255 293 682 894 963
53 300 571 599
127 167 189 221 246 534 851
47 66 109 399 859
87 404
20 27 868 912 981
132 543 592 871
18 118 482 490 553 961
71 131 185 404 495 652
601
138 154 486 492 598 604 728 938
28 124 139 527 600 800 959
891 981 988
124 188 699
613 753
67 191 647 756 839
332 409 413 879 902
112 289 378 669 728 807
154 353
15 47 299 497 773 797 910 994
138 154 209 314 338
40 240 316 364 858 917
572 709 952
482 615 767 886 934
117 395 558 699 709
99 353 402 478 601 767 807 908 966
603 623
35 706 795 868
36 48 96 566 691
559
33 480
319 457 612 789 852 860
12 85 500
17 316 908
52 81 144 274 729 735 778
154 222 527 613 746 925 981
148 584
330 366 629 658 771
510 782 892 934
432 545 709
52 331 402 673
372 453 955
123 344 353 553 800 832 989
8 148 437 470
247 516 973
14 63 778
24 326 327 331 463 855
48 224 356 601 736 753
25 127 606 618
151 222 375 570 631 676 832 861
107 521 540
109 154 163 242 442 568 780 789 849 874
148 395 538 838 874
247 318 575 647 815 874
38 73 402 442 837
85 106 167 607 815
197 482 688
69 148 395 473 692 820
444 482 721 811 844 871 889
418 571 903
50 281 876
153 168 300 592 898
344 553 917
7 135 471 516 559 764 835 949
61 117 147 188 595 623 629 648 682 974
209 377 931
183 444 480 666 800 809
219 255 293 682 894 963
69 510 692 820
5 224 490 557 807 976
241 546 553 657 753 831 973
425 879
120 336 428 664
11 72 138 266 277 440 585 682 778 879
152 173 360 863
183 354 537 696 959
85 263 550 664 963
42 116 212 238 259 360 536 677 767
85 317 430 592 806 827
117 504 644 652 721
325 339 404 442 444 909
62 575 784 803
11 81 486 527 742 926
17 158 459 684 973
484 495 699 874 933
23 50 108 212 388 439 902 903
86 485 704 884
140 148 293 327 436 925
140 159 179 198 283 289 521 571 652
63 89 141 281 337 579 733 948
306 316 523 546 903
188 529 531 554 894 959
169 409 487 507 954
47 217 334 930
289
179 519 607 925
569 670 807
166 733 745 806
140 159 179 198 283 289 521 571 652
540
3 433 493 595 647 729
222
124 219 248 255 377 530 558 719 837 855 884 931 981
66 140 523 553
35 198 996
3 63 221 425 487 551 631 709 925
10 87 252 364 553 884
21 38 83 255 803 981
72 172 191 827
381 649 724 875 963
154 486
204 339 418 800
326 491 656
104 360 937
83 311
91 437 543 553 561 647 675 682 800 851
261 378 404 456 916 974
137 183 319 444 480 539 666 800 809 973 981
14 216 399 921
67 628 813
221 258 261 416 544 569 803
116 405 724 806
171 901
150 523 662 782 808 876
11 36 300 674 802 901 904
87 98 205 221 275 439 553 800
360 536
83 87 221 248 571 955
109 519
8 39 51 398 416 432 463 675 795 806
474 820
612 729 738
26 116 123 188 274 374 599 607 627 773 794 827 915
36 400 460 565 644 677 956
106 360 545 623 653
0 756 877
490 584 631 855 860 907
47 214
36 221 233 375 516 868
144 216 279 374 699
130 215 963 994
36 87 137 409 480 555 879 904 914 988
522 764 807 973
38 325 902
316 395 636 924 925
59 357 673
28 154 284 351 403 546
11 41 653 672 764
274 482 688 800
71 404 495
102 243 449 456 656
543 660 903
104 238 395 605 755
152 274 545 884
14 325 401 707 721 764 907
300 342 623
81 170 612 622 707 772 871 876 946 959
338 445 674
38 43 430 673 843
471 530 546 603 992
231 277 368 895
36 73 155 322 359 670 707
336 361 723 780 808 842
860 990
38 190 405 432 650 831
148 772 876
360 545 653
501 721 886
112 536 542 615 667
160 170 516 627 753 801 908
209 299 552 624 800
359 364 566 798
46 353 466 533 707 845 871
140 278 293 732
140 163 259 371 432
472 868
9 12 501
744 946
61 117 147 188 629 648
415 559 798
233 287
55 209 545 647 667 884 949
111 259 752 786 925
87 101 274 486 806
169 416 443 471 601 756 913
14 219 416 456 471 540 558 786 826
287 502 891
38 73 402 442 628 837
123 148 150 381 414 439 899 934 950
198 371 521 717 815 873
24 274 419 717 901
43 371 996
0 7 314 409 575 592
330 604 776 806 908
257 273 336 622 827
410 488 557 709 855 998
231 277 368 895
350 601 648 664 799 867
127 147 418 527 949
178 367 374
42 460 592 631
11 314 318 416 999
5 40 147 293 521 586 778 855 885 938
184 399 729
20 27 124 412 478 511 628 868 925 953 981
150 444 547 682
47 222 402 534 571
1 11 23 90 231 720 955
487 501 612 669 988
364 387 559
155 162 322 339 722 821
183 306 399 459 486 579
35 219 248 377 884
17 119 764 782
371 885
92 322 592 622
127 625 758
234 387 507 509
912
87 395 443 444 587 807 873
147 188 280 307 416 656
189 405 668 934 951
38 71 371 405
5 21 125 204 279 432 490 925
40 106 274 346 439 597 628 772 910
744 798
83 106 248 325 543
146 160 300 371 520 807 989
47 476 544 673 807
480 740
57 109 420 559
500 613 624 859
339 707
14 20 255 487 555 795 803 934
47 346 455 482 666 773
51 412 446 490 670 902
137 283 520 824 964
289 713 752 950
123 289 500 534 708 851 934
138 154 209 314 338
233 293 472 539 747
238 320 324 509 524 902
14 73 481 592
213 266 372
125 205 259 272 674 722
169 266 382 487 902
209 336 395 592 870 990
36 558 909 988
49 487 546 590 647 963
910
707 738 832 931
125 127 131 145 208 530 744
167 283 289 518 707 926
169 553 722 780 782
49 217 490 592 664 709 941
139 160 311 460 522 871
169 216 260 420 426 807 879
319 484 495 699 874 933
132 322 432 877 913
3 104 477 753
123 284 903
121 603 669 670
26 93 100 751 794
219 325 369 648 776 799
300 472 509 538 907
322 538 845
123 622 953
261 586 828 959 994
43 63 619 949
10 398 666
351 367 377 405 592 806
119 514 571
50 536 547 707
69 545 710 858
253 319 722
439
490 800 924
9 53 446 488 623
214 486 903
127 733 772 784 912
117 504 644 652 721
33 570 616 658 852 909
63 266 471 837 904 952
14 242 324 539 570 571 845 884 992
48 81 246 369 594 629 710 964
14 81 806
3 86 261 423 571 586 613 806 828 959
3 147 188 260 280 307 416 446 619 656
222 634 667 902 942
348 705 724 929
553 571 690 974
418 912
89 300 318 913 951
17 616
709 753 805 871
15 38 219 319 375 416 518 734 981
11 81 146 157 371 639 769 827
83 221 363 437 576 624 709
402 411 592
188 257 729
5 86 221 405 612
7 14 143 246 364 563 709 748 852 893
138 387 599
69 300 753 800 999
68 202 395 781 909 959
87 623
284 631 990
388 577 595 709 894
182 811 894
342 396 721 902
88 222 374 405 435 907 917
222 375 631 832
188 571 723
186 216 486
155 300
143 418 544 586 636
778 868 998
432 613 631
330 592 647 716 828
21 63 173 501 575 578 809
283 699 806 983
208 248 318 321 399 404 521 859
132 155 473 545 561 859
154 425 877 879
78 127 233 255 425 437 778 815
71 87 217 430 915
48 873
217 521 554 594 617 993
63 140 722 757 885 889
63 102 140 159 257 293 318 377 385 444 753 827 874
193 219 486 817 944
89 129 571 592 673 729 776 858 874 893 938 963 996
130 234 360 536 623 828
806 827
26 318 377 403 456 540 553 679 910
38 85 605 662 870
29 127 328 442 474 511 795 871 974
415 512 912 966 993
12 319 558 579 601
628 946
81 224 529 709 908
19 215 790 894
146 601 690
71 494 981
445 553 555 892
36 409 820
61 571
66 405 432 767 808 817
15 512 542 583
195 374 385 399 709 817
42 73 193 558 619 703 703
