6 47 55 63 78 83
36 38 49 63 67 69 74
8 50
36 38 45 51 52 61 62 63
0 52 94
6 7 42 53 55 78 81
4 5 17 36 39 41 73
9 11 18 35 38 63 85 87 93 97
8 14 39 42 43 59 69 80 87
21 25 40 43
7 14 83 85
8 10 38 60 69 93
17 36 38 43 63
83
8 9 38 45
5 8 38 57 62 73
0 7 12 73 86 91
26 42 50 63 71 85 92
0 4 11 14 20 23 26 29 46
13 42 72 95 96
17 38 80 83 84
6 18 19 25 33 48 62 71 75
11 12 21 62 63 71 83 87
11 14 68 81
3 21 62 89
38 40 60 63
0 11 13 74
11 23 39 67 69 79 80 87
5 40 70
7 17 28 32 38 43 52 61
3 47
7 74 85 93
36 72
43 45 69 89 97
3 9 29 78 95
0 17 28 38 65 71 89 93
72
71 87 96
39 80 86
3 12 61 87
3 33 47 74 86
31 69 83
21 33 43 47 48 69 81 83
43 45 48 73 78 83
17 33 36 61
52 74 83
3 36 61 62 63 86
5 35 43 61 77
6 28 48 51 63 85
6 11 14 36 51 52 59 66 81
5 40 57 66 85 89
8 21 40
17 20 33 63 83 90
3 28
8 38
14 35 39 42 63 86 95
5 21 31 41 59 62
26 29 70
3 48 61 69 80
1 11 28 43 82 86
5 35 36
7 14 28 31 36 86 91
45 57 77 81
26 61
86 96
21 63 88
31 69 80 87
12 28 29 67 89 93
8 12 20 43 50 63 72
38 48 62 87 97
23 73
47 92
17 66 81 83
17 28 35 71
21 31 38 81
23 33 62
36 50
35 95
13 66 85
35 38 70 71 74
36 51 59 62 63 87 97
8 21 43 45 69 70 81 87 89 97
13 29 51 57 70 83 85 89 95
23 72
23 28 36 46 69
51 63 68
5 36 44 81 83
3 38 67 81 85 95
36 38 49 69 71 87
21 28 36 66
48 57 84
21 38 40 69 74
8 9 28 38 43 45 48 67 87
36 87 89 91
8 17 27 40 48 74 82 86 93
13 34 35 38 52 63 66 71 89
7 47 52 68 80
21 49 63
12 51 83 85 93
3 8 10 25 28 38 39 62 72 73 81
13 26 36 48 63 69 85
3 12 23 73 76
35 36 41 61
8 17 38 63 69 97
57 85 86 87
51 63
14 35 48 61 69 89 90
38 40 42 69 74
0 93
9 28 60 63 69 78 90
3 11 24 39 48 61 80 95
28 63 72 92
3 80 85 87 95
9 17 49 72
11 47 74 89
8 71 91
9 34 38 42 80
3 12 47 48 55
48 88
11 40 66 78 81 95
5 7 11 67
28 33 38 68
83
38 48 69 85 87 89
0 8 71 72 76
13 17 28 38 40 69 78 85
4 11 29 87 93
11 14 23 48 81 85 95
25 27 38 73 97
33 40 47 55 80 81 92
13 38 46 80
7 8 9 17 26 63 75 98
13 17 25 78 79
10 13 34 35 38
14 36 57 60 68 86 92
17 36 48 83
9 11 29 42
11 38 76 81
43 63
0 17 48 61
16 28 39 63 69 93
7 9 14 22 28 53
14 36
22 27 29 38 89
29 80 84
35 52 85 87 97
48 88 89 93 99
38 51 72 91 99
42 57 81 83 85 87 89 93 99
3 11 12 17 23 38 73 91
36 61
3 5 23 36 40 43 68 71 87 95
14 71 74 76 78 87
25 38 46 90
18 36 68 72
25 27 36 69 72 81 95
7 9 20 23 52 90
18 33 63 78 92 93
38 43 63 87
22 48
8 43 85
38 40 94
8 12 14 36 50 63 66 69 74
67 69
39 48 81
36 83
19 23 36 38 91
0 11 25 38 50 51 55 71 96 97
36 42 69
13 47 62 63
3 4 10 40 53 61 62 63
4 14 25 36 38 43 51
28 33 39 69 81 87 93
26 29 38 69 87
4 28 38 51
48 73 86 93
23 96
12 51 62 86
9 21 23 24 36 38 90 98
17 35 43
3 8 11 20 36 46 48 61 63 80
8 13 28 40
12 13 17 34 38 45 49 63 87
73 87
6 19 25 33 62 75
35 39 61
7 8 66 69 72 85 86 87 95
12 83
38 78 80
28 35 47 48 97
0 5 7 11 29
5 14 29 38 46 80 86 90
36 47 52 78 87
11 43 52 67
5 25 63 69 72
5 17 26 33 51 81 87
8 26 38 59 68 69 72
83 85
36 38 81 99
5 28 38
3 35 38 43 63 73 87
14 28 39 83 95
23
36 69 87
6 34 40 48 69 89 94
7 24 28 43 69 78 93
8 13 28 40
40 72
24 35 69 86 88
45 66
38 92
8 11 13 19 21 28 35 51 61 66 72 73 90
11 12 61 69
9 38 87
8 17 36 63 67 83 85 89
3 29 38 81 87 93
0 5 61 62 63 68 72 73 84 97
14 25 38 49 52 55
63 82
14 43 63 87 95
47 73
38 42 51 87
8 14 17 49 83
38 41 73 76
29 35 81
31 38 39 49 85 93 96
17 19 35 62 87
14 28 43 48 63 86
36 68 80 86 98
0 6 9 12 25 53 80
3 17 35 38 47 80
28
8 39 63 74 75 93
17 36 72 95 97
26 28 39 48 61 63 69 70 73 90
3 8 23 87
3 23 61 62 93
17 43 48 71
48 71 77 97
25 35 70 80 87
9 16 26 38 39 62 78 90
10 28 39 69
13 14 40 68 97
12 36 47 52 69
0 3 7 24 27 33 54 83 85 95
19 28 73
8 16
4 8 9 17 21 63 66
28 39 63 72
7 40 46 67 85 87
9 31 36
36 48 85
4 60 67 85 87
7 8 9 21 63 66 67 69 81 85
8 39 43 48 67 87
17 28 33 48 52
3 23 26 34 69 85 87
26 42 43 81 95
12 28 36 48 52 88
19 47 71 87
29 38 62 63
7 17 42 49 52 63 80 83 87 92
8 23 29 48 72 86
36 39 68 73 85
3 20 21 67 94
3 12 19 23 41 43 72 87 90 93
8 23 28 36 42 45 48 63
17 19 46 51 87
6 36 71
9 63 74
4 17 23 35 89
33 61 86 98
7 15 36 51
9 10 18 25 41 57 87
11 26 36 38 48 51 65
3 6 57 67 83
3 7 19 38 83 95
28 33 38 68
5 14 63 81
21 23 27 33 36 38
59 61 93
3 11 40 72
11 13 28 61
12 70 87
28 31 40 60
63 71 72
8 10 22 29 34 51
28 34 47 51
3 49 71 89 90
40 51
43 50 73 80 93
7 8 24 48 61 68
7 8 11 38 39 85 93
63 67 71 83 95
9 27 51 69 87
41 48 71 81 83
5 69 73
15 18 21 23 33 50 60 66
12 14 36 43 69 83 97
6 69 84
8 29 34 47 48 67 81 86 87
14 19 26 49 73 95
29 69
8 16 67
7 28 48 74 78
27 28 60 85
41 60
23 63 81 83 89
10 26
13 14 36 40 69 72 85 97
35 43 69
17 46 71 85
23 36 40 78
7 48 78 83
3 17 45 69 94
14 43 63 72
63 69 72 83
9 10 19 34 47 63 69 71 79 93
17 33 35 78
6 22 36 74
43 69 89 97
13 19 41 51 62 63 71
42 62 72 81 83 88
27 40 78
28 42 57
9 48 63 69 87 93
5 38 46 71
17 28 36 39 41 86 87 97
0 4 8 11 36 48 69 78
8 22 26 28 29 40 41 70 80
21 26 68 87 94
60 67 69 73 80 86
7 17 23 52 55 59 83 91
8 34 50 71
3 11 31 35 38 83 87
36
7 22 25 36 89
34 40 47 51 69 78 87 97
13 34 35 63 71 89
14 17 21 40 43 48
15 29 36 86
5 40 63 69 72 75
23 28 36 46 69
11 15 17 26 61 69 74 85 86 89
35 65 67
9 21 36 67 85 87
38 47 63 90
12 21 36 69
23 47 51 52 66 71 87
17 38 93
17 38 60 85
48 70 71
8 9 13 24 28 50 63 81
28 50 62
3 29 34 38 81 87 93
24 46 67
14 43 63 95
3 21
14 48 69 81
38
16 28 31 78 83
33 36 47 57 63 74 83
6 14 29 50 77 87 93
8 38 68
7 25 36 61 73 92
61 63 69 71
29 61 63
6 17 74
28 36 49 80 81
38 51
15 25 61 81
39 92
3 63 86
14 38 62 67 78 85
38 52 60 63
8 38 61 70 85
68 89
6 8 39 78 83 95
8 11 12 36 40
4 35 38 40 55 80 89 97
7
13 43 57 61 72 81 86
11 15 17 40 69 72 73 87
14 53 62
7 8 29 67 68 87
53 60 80
3 11 21 24 48 62 80 85
8 17 38 42 78
7 23 26 34 40 61 81 87 89 97
9 28 38 42 47 98
11 36 47 61 71 72 81
24 25 38 73
28 66 80 94
3 25 40 43 47 52
36 54
33 34 40
28 67 72
8 11 28 38 63 71
7 21 25 38 63
8 35 72 78 87 90
12 51 89 95
5 17 25 52 94
18 40 68 83 85
3 49 71 89 90
14 38 45 51 52
0 93
0 14 28 34 38 47 52 87 99
14 17 23 39 49
10 38 50 63
8 39 93
12 38 45 63
66 86 87
25 42 43 73
17 36 62 69 81 97
0 6 26 38
9 28 87
3 26 29 38 39 45 68 76 87
8 9 10 36 42 61 86
6
24 44 47 48 51 63 66
61 69 85 93
8 42 51 72 76
8 26 43 54 62 81 85
11 29 72 77 88
33 38 39 73
14 36 39 63 73 87
33 47 55 80
17 21 23 34 47 87
9 48 61 93
42 63 80 81 83 87
0 14 35 47 67 84
33 38 73 80 81 86 87
39 69 80
28 35 38 71
40 52 70 83
24 25 38 73
3 17 36 45 51 63 81 85 91
86 87 97
3 11 14 38 40 48 62 69 72
4 52 60 63 69
38 39 51 63
7 17 28 32 38 43 52 61
3 60 72
14 18 19 31 80
50 67
5 35 38 61 63 77
26 36 46 54 63 86 95
17 29 35 36 81
48 62 81
3 7 36 61
17 38 93 95 96
57 93 97
45 63 67 85
47 63 80 87 89 99
0 9 23 40 80
26 29 36 55 71 97
97
14 34 35 41 73 87
20 23 38 43 62 69 70
14 43 67 73 83 90 98
8 73 87 93 98
3 36 55 87
9 14 28 29 40 42 74 81
38 69 81 89
41 43 81 85
7 17 42 49 63 83
38 40 86 97
3 35 38 43 63 87
51 53
3 14 93
55 71 87
93
6 9 18 86
17 47 87
3 8 23 87 93 97
34 36 39 59 72 78
6 52 88
11 15 23 46
0 7 23 73
17 28 36
34 38 47 55 80 87
10
21 33 36 38 42 71 87
6 8 38 40 42 78
9 28 31 36 38 43 55 62 94
3 7 24 27 83 85
8 26 29 38 39 48 69 86
10 13 14 45 48 51
10 29 38 69 85 95 97
42 43 50 52 75 83 85 93
11 47 89
89
26 40
38 51 52
11 12 33 38 47 51 86 93
17 34
35 38 44 63 71 87 88
21 63 67 72
7 14 47 71 81 83
8 26 93
11 38 40 63
38 69 71
9 80 99
24 35 69 86 88
29
11 61 67 85
48 53 57 67
3 11 14 21 28 33 34 62 69 71 83 85 86
6 69 80
0 69 78 96
34 38 67 69
38 47 52 78
14 28 36 48 51 87 93
9 23 24 36 38 90
8 17 25 47 67
17 32 70
11 66 74 76 86 87
7 26 40 42 73 93
36 38 51
28 40 70 78
17 47 63 83
61 68 92
11 15 35 41 43 63 69 83 85
31 34 36 70 96
3 15 52 63
43 69 87
35 39 74 83 85 94
61 63
21 35 38 45
28 36 63
39 49 68 70 85 87
8 17 36
61 69 76 80 83 89
6 36 47 51 80
23 63 90
26 38 61
48
19 25 39 48 63 91
8 67
3 14 24 46 81 87
0 11 18 34 38 61 81 86
10 18 25 41 57 87
28 35 48 49 87
9 31 62 69 80 87
9 38 83 87
0 3 19 29 36 48 87
21 46 51 71 73 81
29 36 42 54 87
8 38 67 69 83
5 6 8 73 93
28 36 63 69 80
14 36 38 61 87
11 63 85
21 31 38
33 36 38 96 97 99
0 29 61 63
12 14 38 63 73 78
18 67
8 26 78 93
33 39 40 44 80 81 87
11 38 50 74 90 98
5 22 39 66 83
9 28 47 71 83 87
0 3 17 28 53 86 87
3 48 69 86 87 89
29 67
3 8 36 38 43 63 70 72 83
18 32 33 35 80
38 62 87
9 24 67 80 85
18 29 47 62 69 78 89
63 75 85
51 67 69 74 80 81
0 35 47 70 92
18 51 69 75 87
13 24 25 29 38 61 62 73
28 39 87
62 72 93
62 87 88
20 83 86 87
69 80 86
4 31 40 69
40 48 78 85 97
5 33 38 45 48 67 78 85
0 28 29 36 63 74
15 36 63 68 78
3 11 14 17 28 40 61 74 78
4 9 67
12 14 51 79 85
11 23 87
35 36 83
10 48 69 80 83 93
28 36 38 40
38 53 63 69 95
47 52 63 74 81
23 24 41 55 87
0 8 38 42 73 83
21 38 78
47 67 69 86 97
8 18 23 39 61 68 81 86
21 52 63 87 90
23 39 40 49
36 39 47 53 93
3 8 60 61 67 68 93
4 23 34 38 87
17 21 40 48 95
10 38 43 61 80 86
9 26 63 69 71
11 29 62 63 69 80
11 28 38 43 47 48 91
13 18 69 86
48 55
17 19 36 46 51 62 72 73 87 97
14 35 38 67 86 95
7 50 57 72 92
13 47 63 72 87
3 35 50 86
29 34 35 48 78 86 87
8 35 61 62
14 18 22 26 28 51 85
40 42
7 8 11 38 85
3 10 39 47 80 85 87 95
14 52 62 85
3 12 47 48 55
14 21 66
9 39
15 48 62 63 71 89
3 13 15 51 62 78 93
13 69 87 95
8 22 63 72 73 83
36 39 86 87
11 34 67 71 80
17 38
7 35 48 78 87 97
74
15 17 23 35 36
28 34 38
6 35 61 69 85 87 91
48 63 73 87 89
11 38 57 69
11 12 38 39 47 63 73 80 87 93
4 63 69 78 85
5 7 11 60 69
4 36 45 47 57 67 85 89
36 63 77 85
3 9 48
3 35 87
8 9 17 31 71 74
17 26 51 63 72 87 95
36 38 63 67 74
49 63 76 85 87 89
11 42 48 52 69
8 36 38 39 44 68 92
13 36 38 54 78 83 96
0 17 42 47
49 93
3 8 74
3 36 46 85
7 27 38 62 71 72
3 14 63
17 60 68 85
26 38 63 83
11 50 52 63
11 17 60 83
18 28 43 77
8 17 38 51 83 86
66 81
28 36 61 71 86
5 9 39 43 63 83
9 11 19 63 81
8 23 38 47 49 69 81
43 47 70 80 83 85 87
40 43 60 87
7 17 19 86 87
36 54 87
0 47 57 90
14 49 73 83
69 94
8 12 17 21 63 66
24 38 67 89
21 43 47 67 78 80
25 29 34 69 87 93
8 49 69 81
0 27 48 57 80 94
21 28 53 83
55 67 73 94
40 86
12 36 41 67
15 43
3 9 29 31 61 69 74 86
17 20 38 41 66 68 85 87
9 21 29 38 40 51 53 67 69 93
11 38 40 51
6 68
9 36 62 80 81
12 48 63 66 70
36 43 87
8 36 39 41 43 61 76 79
3 9 48 51 72 88
3 17 45 69 94
36 48 69 86 89
3 7 11 24 38 43 87
9 36 48 69 86
16 34 52
15 17 18 21 23 33 42 50 60 66 87
8 10 16 33 36 61 71 90
8 35 50 53 87
21 44 51 55 87 93
19 39 48 91
7 22 25 36 89
21 34 45 50 63 88
29 60 67 80
80
15 21 23 33 50 60 66
52
0 42 48 62 66 71
18 27
26 29 38 86
13 29 51 57 70 83 89 95
4 8 15 23 26 50 55 98
26 48 69
0 8 10 53 63 72 73 88 90
5 29 38 86
3 9 29
9 20 22 38 40 66 71 81 86 93
23 36 40 78
36 48 66
11 38 89
9 11 33 35 40 42 52 54 59 66 68 69 78 85
29 38 39 45 87 94
36 47 51 53 94
14 95
21 43 47 67 78 80
3 25 87
8 63 78 80
29 40 52 60
29 38
11 20 39 71 80
17 50 76 80
80 86
3 5 35 68 78 87
10 11 23 26 31 43 55 78
9 38 51 60 92
10 11 26 50
0 46 68 80 87
6 8 38 40 42 78
47 81
11 13 63 71 72 74
62 63 78 81 87
3 63 71 87
5 39 46 63 68 92
11 38 52 63 66
0 73 86
16 48 61 63 85 87 89
5 7 25 26 28 38 49 85 86
17 25 32 38 69
14 25 93 97
10 14 47 86 95
5 39 55 87
5 36 43 50 73 80 87 93
9 38 87
35 63 87
8 38 68
3 33 39 53 71
17 38 41
3 6 9 23 31 48 68 69 78 87
11 28 38 44 45 52 66 67 73 87
17 31 52 86
3 36 39 69 70 73 87
35 36 38 63 85
9 19 63 69 74 86 90 92
5 7 25 36 41 43 68 83
28 31 38 47 53 63 87 97
5 9 17 36 38 67 69
38 71 75 83
36 80
85 96
5 22 39 66 83
17 41 74 86
8 38 48 52 66 70 87
11 51 52 63 67
18 19 63 72 78 87
24 53 63 78
3 8 38 60 63 78
7 38 47 69 85
16 32 34
16 18 29 38 42
3 14 47 48 72 85
12 17 63 66
28 33 40 57 78
24 38 52 66 67 86 90
8 19 62
11 29 72 77 88
10 31 48
19 43 47 63 73 87
3 25 40 43 45 47 52 57 77
33 48 87
5 39 43 63 83
12 40
17 38 43 87 89 90
38 50 69 81 86
3 23 31 40 69 87
98
7 38
0 35 39 61 62
36 63 74 80 87
29 63 81
8 39 48 57 85
28 31 38 69 87 99
5 20 38 62 67 85 95
66 78
14 17 40 51 90
21 38 63 81
6 38 46 62 63
0 3 6 35 36 40 99
17 61 74 85 86 89
21 38 71
3 13 26 39 47 49 63 85 87 91 95
17 43 53 69 85
7 26 39 51 60
0 11
3 28 48 55 63 67 70 92 95
38 57 63
17 18 36 70 81
21 35 38 45
4 26 29 38 86 90
3 12 73 76
11 36 38 61 63
14 34 63 73 87
28 38 48
10 38 43 61 67 80 86 87
17 21 33 35 40 67
22 39 67 89 91
5 9
38 39
0 3 14 23 32 41 48 73 88
4 31 69
6 38 87
43 62 63 74
9 29 36 52 72 78
35 50
7 38 47 52 68 80 96
8 11 40 47 57 72
48 63 85
36 69
3 29 48 56 78 79 89
7 17 37 45 48 67 74
8 39 43 48 50 87 93
15 33 69 72 81 90
34 59 84 89
15 17 23 35 36
28 34 47 51 72
28 36 48 51 87
3 7 9 24 38 47 62
14 19 29 48 68 70
24 36 38 62 96
62
5 7 48 53 61 66 93
69 70 72 83 87 89
14 17 23 51 72
19 33 34 49 69 88
55 70 76
25 31 47 48 69 89
7 15 35 46 50 62 67 85
19 40 41 80 86
36 48 69 86 89
14 36 42 86 87
0 11 72
47
33 87
12 17 63 67
3 11 66 72 78
26 35 36 38 47 48 51 74 87
51 63 83 91
29 61 81 92 97
7 8 36 63 90
3 7 12 38 39 51 53 60 67 69
8 15 29 36 43 48 69 71 78 85 87
3 8 43 48 63
8 25 40 48 87
14 71 74 76 78 87
12 48 63 66 70
4 60 63 67 85 87
8 29 47 83 87 91
28 86 97
3 36 51 60 83
9 28 63 93
7 28 38 62 69
3 9 29 61 63 80 81 92
0 9 40 80
0 29 43 63
21 33 35 40
26 63 67 87 89
38 69 71 89
54 60 69 94
40 68 87
10 35 36 87 91
3 23 38 63
69 72 79 85
25 38 49
3 5 36 40 68 71 95
3 9 17 38 63 74 81
9 26 38 42 61 63 69
39 62
21 71
0 10 26 39
28 59
0 3 17 38 69 72 85
15 38 43 62
8 35 72 78 99
8 23 38 75 87 92
10 33 34 63 96
38 61 62 69 87
21 80 87
36 38 70 87
10 26 38 39 42 48 87
26 38 63 83
21 60 71
21 25 48
4 10 17 35 40 52 61 63
42 63 74 85 87 99
36 62 66 69 81
3 8 20 48 61 80
29 33 38 69 80 85 95
14 17 36 47 50 52 59 85
17 40 86
9 14 28 29 40 42 74 81
9 10 18 25 41 57 87
25 50 55 97
34 47 61 62 87
62 63
87
8 16 70 73 86
11 16 36 38 81 86
8 18 29 34 43 73
23 25 26 48 81 89
10 14 60 62 68 71 74 85 86 87 93 98
14 28 38 51 63 81
80 81
3 20 36 38 45 52 55 69 87
4 5 14 36 43 47 49 63 67 78 85 94
40 49 87 93 97
3 36 55 57 61 62 63 90
9 51 69 87
3 9 17 25 55 63 69 78 87 95
5
39 48 81
8 39 41 60 73 78 80 81
3 49 52 61
23 38 69 81
6 9 23 57 63 69
34 38 62
11 63 69 76 80 81
36 38 69
0 11 76 86
39 53 68 81
8 11 29 36 38 46 51 63
38 78 87
3 13 15 28 51 73 93
8 28 69 81 95
36 50
8 35 63 71
17 66 81 83
8 29 73
45 85
25 53 63 69 95
4 33 34 52 76
3 28 45 69 85 95
8
8 21 40 48 98
48 88 89 93 99
8 11 36 46 63
3 17 35 45 47 63 69 94
22 23 47 68
28 33 38 69 87 95
5 6 11 28 63 67 80 83
8 14 17
9 19 36 38 73 81
13 34 48 51 69 81 84 89
9 86 89 95 99
13 17 27 74
3 21 43 48 73 86 87 89
34 43 85
4 35 52 60 63 69 81
10 17 71 87 89
0 11 16 18 28 38 43 73 97
40 63 76 93
11 51 62 68 83 85 87
25 33 75
3 7 11 14 23 47 63 73 83 85
3 14 46 67 77
9 30 35 52 63 81 93
11 25 36 72 73 78 89
29 33 55
46 48 63 66 69
17 43 69 76 81 85
47 69
0 42 48 62 66 71
18 51 69 75 87 87
